-64.79740 31.01847 77.21764
-54.21928 -89.91994 -88.51146
-15.58724 62.32310 14.84004
-77.70506 -5.30838 -43.07107
-95.40790 -28.16403 63.48117
78.17620 26.28279 61.34975
97.26292 33.69809 -67.09999
9.55930 -81.09898 -59.28759
-74.78748 -80.59532 33.57316
66.00748 -68.97690 81.56119
69.83737 79.01952 57.84151
-98.84073 67.66288 88.95752
27.39309 49.80256 -19.68784
-16.29162 82.41884 -71.30982
-92.04691 -13.09240 53.95630
3.10460 -100.04640 -38.00095
-59.60476 65.39498 9.73384
48.18566 -57.33862 -58.79517
64.32906 52.77756 -51.92003
-56.50722 47.30316 96.49632
94.51410 2.07345 81.18794
-3.56554 64.56356 70.64263
97.34757 3.62846 88.90716
11.49036 13.43724 -50.34405
38.95556 -5.52088 1.76430
-76.49925 43.78913 -67.93513
-63.50203 21.45944 79.61724
-18.04096 11.23094 -54.63016
7.29761 100.13673 96.63733
66.78364 -86.48861 15.83796